758.0  782.0  782.0  1146.0  1830.0  1052.0  1780.0  1756.0  1414.0  660.0  
316.0  330.0  330.0  478.0  768.0  442.0  738.0  724.0  588.0  276.0  
1184.0  1214.0  1214.0  1791.0  2847.0  1635.0  2787.0  2759.0  2210.0  1028.0  
794.0  808.0  808.0  1201.0  1901.0  1091.0  1875.0  1863.0  1484.0  688.0  
988.0  982.0  982.0  1497.0  2331.0  1333.0  2355.0  2369.0  1852.0  848.0  
758.0  782.0  782.0  1146.0  1830.0  1052.0  1780.0  1756.0  1414.0  660.0  
316.0  330.0  330.0  478.0  768.0  442.0  738.0  724.0  588.0  276.0  
1184.0  1214.0  1214.0  1791.0  2847.0  1635.0  2787.0  2759.0  2210.0  1028.0  
794.0  808.0  808.0  1201.0  1901.0  1091.0  1875.0  1863.0  1484.0  688.0  
988.0  982.0  982.0  1497.0  2331.0  1333.0  2355.0  2369.0  1852.0  848.0  
